[
  {
    "actions": {
      "0": [
        10,
        0,
        1,
        0,
        0,
        0,
        0,
        0,
        0,
        926,
        288
      ],
      "1": [
        10,
        0,
        1,
        0,
        0,
        0,
        0,
        0,
        0,
        390,
        220
      ],
      "2": [
        10,
        0,
        1,
        0,
        0,
        0,
        0,
        0,
        0,
        587,
        24
      ],
      "3": [
        10,
        0,
        1,
        0,
        0,
        0,
        0,
        0,
        0,
        35,
        16
      ]
    },
    "dateATime": [
      2026,
      4,
      1,
      0,
      0,
      0,
      5,
      0,
      0
    ],
    "nameOf": "dasd"
  }
]